-23	28	-3	20	27	0	-12	9	-13	0
24	-24	26	-29	22	18	-22	12	23	-11
-20	4	10	-29	22	-4	11	-28	17	24
-9	-25	9	-11	-12	-2	11	-24	29	-21
27	12	7	-23	-14	-1	26	15	17	14
-14	25	12	-9	5	10	-27	23	6	-9
19	29	-7	-17	9	-11	2	-3	-1	-7
-19	-20	20	-24	22	27	13	-12	21	24
8	2	14	-2	-12	12	-26	3	-13	-27
0	-12	22	14	-15	16	-20	4	5	1
15	21	-10	-19	15	-10	-21	10	11	-14
23	-10	-3	-16	-16	11	-17	4	-23	-4
-23	-4	-10	20	19	21	-16	24	17	9
15	-4	-15	3	-20	4	21	-11	5	-23
22	26	-17	24	-3	-21	-27	-8	4	14
11	-17	20	16	-21	-2	-2	-7	0	29
-18	17	-1	22	12	-21	-6	0	9	-13
-18	-11	4	0	22	-18	27	0	-10	11
5	-4	0	8	-11	-22	-7	-1	21	8
0	-20	-21	-17	-4	14	-7	19	-24	-29
