-23	24	-20	-9	27	-14	19	-19	8	0	15	23	-23	15	22	11	-18	-18	5	0
28	-24	4	-25	12	25	29	-20	2	-12	21	-10	-4	-4	26	-17	17	-11	-4	-20
-3	26	10	9	7	12	-7	20	14	22	-10	-3	-10	-15	-17	20	-1	4	0	-21
20	-29	-29	-11	-23	-9	-17	-24	-2	14	-19	-16	20	3	24	16	22	0	8	-17
27	22	22	-12	-14	5	9	22	-12	-15	15	-16	19	-20	-3	-21	12	22	-11	-4
0	18	-4	-2	-1	10	-11	27	12	16	-10	11	21	4	-21	-2	-21	-18	-22	14
-12	-22	11	11	26	-27	2	13	-26	-20	-21	-17	-16	21	-27	-2	-6	27	-7	-7
9	12	-28	-24	15	23	-3	-12	3	4	10	4	24	-11	-8	-7	0	0	-1	19
-13	23	17	29	17	6	-1	21	-13	5	11	-23	17	5	4	0	9	-10	21	-24
0	-11	24	-21	14	-9	-7	24	-27	1	-14	-4	9	-23	14	29	-13	11	8	-29
